TheGuill84
61
80
70
80
52
53
----------------------
Daiko
61
80
70
80
52
53
----------------------
Guep
61
80
70
80
52
53
----------------------
CedGhoss
61
80
70
80
52
53
----------------------
Gamur
61
80
70
80
52
53
----------------------
Bichard
61
80
70
80
52
53
----------------------
Fukano
61
80
70
80
52
53
----------------------
Lapin
61
80
70
80
52
53
----------------------
Nannoxx
61
80
70
80
52
53
----------------------
Etoiles
61
80
70
80
52
53
----------------------
Pxdro
61
80
70
80
52
53
----------------------
Shadoune666
61
80
70
80
52
53
----------------------
Mathox
61
80
70
80
52
53
----------------------
JimmyB0yyy
61
80
70
80
52
53
----------------------
ImFatBoy
61
80
70
80
52
53
----------------------
Astrxuh
61
80
70
80
52
53
----------------------
TitBiscuit
61
80
70
80
52
53
----------------------
Nardcoo
61
80
70
80
52
53
----------------------
Dalil_
61
80
70
80
52
53
----------------------
Nagatow
61
80
70
80
52
53
----------------------
Guitou
61
80
70
80
52
53
----------------------
Yann14
61
80
70
80
52
53
----------------------